6-En-1
-0.083980   -0.341153    0.092523
1.597046   -0.330239   -1.692951
2.194542   -0.527871    0.597956
1.243243   -0.756899   -0.416026
6-En-2
-0.102451   -0.376383    0.081208
1.582691   -0.601460   -1.699360
2.174051   -0.542001    0.602209
1.206371   -0.844234   -0.386577
6-En-3
0.005157   -0.775968   0.159594
1.534088   -0.090262   -1.604684
2.228912   -0.744430   0.554982
1.313292   -0.929258   -0.495288
6-En-4
-0.003287   -0.611437    0.041121
1.617322   -0.244360   -1.784655
2.292668   -0.440071    0.475520
1.351629   -0.767627   -0.523427
6-EnPh-1
-1.902421   -0.779364   -0.621384
-1.394671    1.542826   -0.003062
0.196794   -0.208784    0.256459
-0.922318    0.311418   -0.420299
6-EnPh-2
1.502082    1.048439   -0.488096
1.390090   -1.250664    0.404592
-0.524050    0.154370    0.281523
0.761615   -0.183565   -0.200328
6-EnPh-3
-1.619105   -0.630295   -1.029915
-1.212316    1.559980   -0.046898
0.264183   -0.274885    0.170819
-0.659258    0.412523   -0.635003
6-EnPh-4
-0.952075    0.364738    1.177336
-2.361372   -1.655682    0.950168
-0.857806   -1.369354    2.755104
-1.674715   -0.777474    1.770158
7-En-1
3.335387    0.514972    1.008522
1.614151    2.077052    0.171818
1.400973   -0.231887   -0.256469
2.189545    0.824253    0.159731
7-En-2
0.056915    0.043424   -0.004029
1.096130   -1.057049   -1.926041
1.127953   -2.138258    0.156238
0.964464   -0.955737   -0.553741
7-En-3
0.009939    0.169043    0.049624
1.232005   -0.906287   -1.827591
0.911864   -2.105720    0.178357
0.712746   -0.959927   -0.555599
7-En-4
0.196506    0.207783    0.016770
1.202723   -0.944831   -1.910173
1.057234   -2.088954    0.150845
0.903354   -0.922070   -0.568018
7-EnPh-1
-0.538152   -1.365465    1.239452
1.360665   -1.853267   -0.258095
0.342435    0.271196   -0.327839
0.312343   -1.043059    0.096944
7-EnPh-2
-1.304891   -1.526254    0.706909
0.375941   -0.011411   -0.236805
-1.872542    0.638316   -0.260550
-0.943196   -0.383789   -0.123732
7-EnPh-3
-1.115956    0.061440   -2.420276
0.958377   -1.255080   -2.093041
0.503950    0.551862   -0.646107
0.126974   -0.236723   -1.708219
7-EnPh-4
0.719882   -1.301080    0.786378
2.013954   -0.113355   -0.942247
-0.173855    0.615917   -0.465411
0.837519   -0.300120   -0.265815